453 767
446 723
448 680
455 659
472 628
490 603
512 579
543 545
572 518
603 492
644 472
717 452
793 446
915 447
1024 461
1091 482
1118 524
1141 601
1140 653
1128 683
1104 716
1073 741
1004 767
871 793
765 803
639 811
578 801
561 778
542 741
530 697
530 655
540 622
549 600
558 571
565 547
586 477
621 409
671 378
699 372
775 372
889 375
1013 382
1112 403
1152 426
1171 456
1180 497
1182 535
1172 577
1152 613
1111 665
1070 713
1032 738
994 753
899 768
789 775
668 781
599 775
572 764
544 748
528 710
518 673
513 633
524 589
543 524
560 487
583 449
658 376
728 338
765 328
834 333
951 353
1039 385
1120 430
1168 507
1154 654
1081 742
990 807
905 835
806 846
697 842
606 820
537 796
504 772
481 746
464 712
461 656
482 580
518 503
605 395
703 332
773 324
836 341
969 409
1050 467
1058 504
1042 585
1008 668
950 730
861 766
735 790
